0.0,2.5,5.0,7.5,10.0,12.5,15.0,17.5,20.0,22.5,25.0,27.5,30.0,32.5,35.0,37.5,40.0,42.5,45.0,47.5,50.0;
0.0,2.5,5.0,7.5,10.0,12.5,15.0,17.5,20.0,22.5,25.0,27.5,30.0,32.5,35.0,37.5,40.0,42.5,45.0,47.5,50.0;
0.0,2.5,5.0,7.5,10.0,12.5,15.0,17.5,20.0,22.5,25.0,27.5,30.0,32.5,35.0,37.5,40.0,42.5,45.0,47.5,50.0;
0.0,2.5,5.0,7.5,10.0,12.5,15.0,17.5,20.0,22.5,25.0,27.5,30.0,32.5,35.0,37.5,40.0,42.5,45.0,47.5,50.0;
0.0,2.5,5.0,7.5,10.0,12.5,15.0,17.5,20.0,22.5,25.0,27.5,30.0,32.5,35.0,37.5,40.0,42.5,45.0,47.5,50.0;
0.0,2.5,5.0,7.5,10.0,12.5,15.0,17.5,20.0,22.5,25.0,27.5,30.0,32.5,35.0,37.5,40.0,42.5,45.0,47.5,50.0;
0.0,2.5,5.0,7.5,10.0,12.5,15.0,17.5,20.0,22.5,25.0,27.5,30.0,32.5,35.0,37.5,40.0,42.5,45.0,47.5,50.0;
0.0,2.5,5.0,7.5,10.0,12.5,15.0,17.5,20.0,22.5,25.0,27.5,30.0,32.5,35.0,37.5,40.0,42.5,45.0,47.5,50.0;
0.0,2.5,5.0,7.5,10.0,12.5,15.0,17.5,20.0,22.5,25.0,27.5,30.0,32.5,35.0,37.5,40.0,42.5,45.0,47.5,50.0;
0.0,2.5,5.0,7.5,10.0,12.5,15.0,17.5,20.0,22.5,25.0,27.5,30.0,32.5,35.0,37.5,40.0,42.5,45.0,47.5,50.0;
0.0,2.5,5.0,7.5,10.0,12.5,15.0,17.5,20.0,22.5,25.0,27.5,30.0,32.5,35.0,37.5,40.0,42.5,45.0,47.5,50.0;
0.0,2.5,5.0,7.5,10.0,12.5,15.0,17.5,20.0,22.5,25.0,27.5,30.0,32.5,35.0,37.5,40.0,42.5,45.0,47.5,50.0;
0.0,2.5,5.0,7.5,10.0,12.5,15.0,17.5,20.0,22.5,25.0,27.5,30.0,32.5,35.0,37.5,40.0,42.5,45.0,47.5,50.0;
0.0,2.5,5.0,7.5,10.0,12.5,15.0,17.5,20.0,22.5,25.0,27.5,30.0,32.5,35.0,37.5,40.0,42.5,45.0,47.5,50.0;
0.0,2.5,5.0,7.5,10.0,12.5,15.0,17.5,20.0,22.5,25.0,27.5,30.0,32.5,35.0,37.5,40.0,42.5,45.0,47.5,50.0;
0.0,2.5,5.0,7.5,10.0,12.5,15.0,17.5,20.0,22.5,25.0,27.5,30.0,32.5,35.0,37.5,40.0,42.5,45.0,47.5,50.0;
0.0,2.5,5.0,7.5,10.0,12.5,15.0,17.5,20.0,22.5,25.0,27.5,30.0,32.5,35.0,37.5,40.0,42.5,45.0,47.5,50.0;
0.0,2.5,5.0,7.5,10.0,12.5,15.0,17.5,20.0,22.5,25.0,27.5,30.0,32.5,35.0,37.5,40.0,42.5,45.0,47.5,50.0;
0.0,2.5,5.0,7.5,10.0,12.5,15.0,17.5,20.0,22.5,25.0,27.5,30.0,32.5,35.0,37.5,40.0,42.5,45.0,47.5,50.0;
0.0,2.5,5.0,7.5,10.0,12.5,15.0,17.5,20.0,22.5,25.0,27.5,30.0,32.5,35.0,37.5,40.0,42.5,45.0,47.5,50.0;
0.0,2.5,5.0,7.5,10.0,12.5,15.0,17.5,20.0,22.5,25.0,27.5,30.0,32.5,35.0,37.5,40.0,42.5,45.0,47.5,50.0
-----
0.0,0.0,0.0,0.0,0.0,0.0,0.0,0.0,0.0,0.0,0.0,0.0,0.0,0.0,0.0,0.0,0.0,0.0,0.0,0.0,0.0;
2.5,2.5,2.5,2.5,2.5,2.5,2.5,2.5,2.5,2.5,2.5,2.5,2.5,2.5,2.5,2.5,2.5,2.5,2.5,2.5,2.5;
5.0,5.0,5.0,5.0,5.0,5.0,5.0,5.0,5.0,5.0,5.0,5.0,5.0,5.0,5.0,5.0,5.0,5.0,5.0,5.0,5.0;
7.5,7.5,7.5,7.5,7.5,7.5,7.5,7.5,7.5,7.5,7.5,7.5,7.5,7.5,7.5,7.5,7.5,7.5,7.5,7.5,7.5;
10.0,10.0,10.0,10.0,10.0,10.0,10.0,10.0,10.0,10.0,10.0,10.0,10.0,10.0,10.0,10.0,10.0,10.0,10.0,10.0,10.0;
12.5,12.5,12.5,12.5,12.5,12.5,12.5,12.5,12.5,12.5,12.5,12.5,12.5,12.5,12.5,12.5,12.5,12.5,12.5,12.5,12.5;
15.0,15.0,15.0,15.0,15.0,15.0,15.0,15.0,15.0,15.0,15.0,15.0,15.0,15.0,15.0,15.0,15.0,15.0,15.0,15.0,15.0;
17.5,17.5,17.5,17.5,17.5,17.5,17.5,17.5,17.5,17.5,17.5,17.5,17.5,17.5,17.5,17.5,17.5,17.5,17.5,17.5,17.5;
20.0,20.0,20.0,20.0,20.0,20.0,20.0,20.0,20.0,20.0,20.0,20.0,20.0,20.0,20.0,20.0,20.0,20.0,20.0,20.0,20.0;
22.5,22.5,22.5,22.5,22.5,22.5,22.5,22.5,22.5,22.5,22.5,22.5,22.5,22.5,22.5,22.5,22.5,22.5,22.5,22.5,22.5;
25.0,25.0,25.0,25.0,25.0,25.0,25.0,25.0,25.0,25.0,25.0,25.0,25.0,25.0,25.0,25.0,25.0,25.0,25.0,25.0,25.0;
27.5,27.5,27.5,27.5,27.5,27.5,27.5,27.5,27.5,27.5,27.5,27.5,27.5,27.5,27.5,27.5,27.5,27.5,27.5,27.5,27.5;
30.0,30.0,30.0,30.0,30.0,30.0,30.0,30.0,30.0,30.0,30.0,30.0,30.0,30.0,30.0,30.0,30.0,30.0,30.0,30.0,30.0;
32.5,32.5,32.5,32.5,32.5,32.5,32.5,32.5,32.5,32.5,32.5,32.5,32.5,32.5,32.5,32.5,32.5,32.5,32.5,32.5,32.5;
35.0,35.0,35.0,35.0,35.0,35.0,35.0,35.0,35.0,35.0,35.0,35.0,35.0,35.0,35.0,35.0,35.0,35.0,35.0,35.0,35.0;
37.5,37.5,37.5,37.5,37.5,37.5,37.5,37.5,37.5,37.5,37.5,37.5,37.5,37.5,37.5,37.5,37.5,37.5,37.5,37.5,37.5;
40.0,40.0,40.0,40.0,40.0,40.0,40.0,40.0,40.0,40.0,40.0,40.0,40.0,40.0,40.0,40.0,40.0,40.0,40.0,40.0,40.0;
42.5,42.5,42.5,42.5,42.5,42.5,42.5,42.5,42.5,42.5,42.5,42.5,42.5,42.5,42.5,42.5,42.5,42.5,42.5,42.5,42.5;
45.0,45.0,45.0,45.0,45.0,45.0,45.0,45.0,45.0,45.0,45.0,45.0,45.0,45.0,45.0,45.0,45.0,45.0,45.0,45.0,45.0;
47.5,47.5,47.5,47.5,47.5,47.5,47.5,47.5,47.5,47.5,47.5,47.5,47.5,47.5,47.5,47.5,47.5,47.5,47.5,47.5,47.5;
50.0,50.0,50.0,50.0,50.0,50.0,50.0,50.0,50.0,50.0,50.0,50.0,50.0,50.0,50.0,50.0,50.0,50.0,50.0,50.0,50.0
-----
440,9.0,-1.0
-----
50.0,34.0,8.0,0.49